12112
19854
16274
11545
20917
28373
1539
21817
18334
4502
5540
21658
31878
20528
15839
2694
31371
28910
21221
24359
14354
21829
23778
829
13128
19284
3263
22507
7958
5030
4616
25102
4207
6683
3916
25804
7316
24196
27491
23340
15985
9158
13522
21291
20795
6047
1891
20140
13450
25480
21544
30105
21871
7820
11805
19748
11165
31971
24987
20390
23974
27060
32633
1111
13282
31090
25091
30494
30583
894
1252
15586
17469
15452
30362
15955
24819
16068
23904
1967
4668
23460
19037
20410
32458
8798
9014
19310
20516
16276
15081
20536
16153
20522
17921
6834
23309
1425
4351
12662
3113
12219
31094
24049
6065
10334
26906
28699
18048
11804
1619
2163
32475
7975
27493
23780
9468
23852
8201
29465
18692
24307
26910
2143
28763
2006
19557
11666
6639
30004
26898
15767
10500
3412
12081
2428
26535
23050
1453
17321
19639
8449
1626
13340
19804
29852
1277
19402
6047
3985
